1
2021041820210418
2
1010520910105209
3
673680606736806
6
336840303368403
9
224560202245602
17
118884812953554
18
112280101122801
27
74853400748534
34
59442406476777
51
39628270984518
54
37426700374267
102
19814135492259
131
15427800154278
153
13209423661506
262
7713900077139
306
6604711830753
393
5142600051426
459
4403141220502
786
2571300025713
918
2201570610251
1179
1714200017142
2227
907517656134
2358
857100008571
2857
707400007074
3537
571400005714
4454
453758828067
5714
353700003537
6681
302505885378
7074
285700002857
8571
235800002358
13362
151252942689
17142
117900001179
20043
100835295126
25713
78600000786
40086
50417647563
48569
41611765122
51426
39300000393
60129
33611765042
77139
26200000262
97138
20805882561
120258
16805882521
145707
13870588374
154278
13100000131
291414
6935294187
374267
5400000054
437121
4623529458
748534
2700000027
874242
2311764729
1122801
1800000018
1311363
1541176486
2245602
900000009
2622726
770588243
3368403
600000006
5882353
343577106
6362539
317647062
6736806
300000003
10105209
200000002
11764706
171788553
12725078
158823531
17647059
114525702
19087617
105882354
20210418
100000001
35294118
57262851
38175234
52941177

1
2
3
6
9
17
18
27
34
51
54
102
131
153
262
306
393
459
786
918
1179
2227
2358
2857
3537
4454
5714
6681
7074
8571
13362
17142
20043
25713
40086
48569
51426
60129
77139
97138
120258
145707
154278
291414
374267
437121
748534
874242
1122801
1311363
2245602
2622726
3368403
5882353
6362539
6736806
10105209
11764706
12725078
17647059
19087617
20210418
35294118
38175234
52941177
57262851
100000001
105882354
114525702
158823531
171788553
200000002
300000003
317647062
343577106
600000006
770588243
900000009
1541176486
1800000018
2311764729